






















1004057
1004057
1068228
1068247
1068253
1068946
106914
1069254
1069255
1069256
1081328
11022
1134955
14562325
14602245
14659238
1521406
1521416
1521421
1521422
1521423
1521438
1521449
1521452
1521527
1521564
1521589
1521596
1521725
1521878
1521879
1521879
1521881
1521886
152189
15219
1521917
152192
152193
1521944
1522259
1522259
1524837
1524838
1524854
1524857
1524887
1524889
1549651
1628449
1628953
1629169
1629169
1629549
162955
1651247
1652176
1652631
1652688
165282
1652841
1652857
1652917
1652948
1653156
1654088
1656104
1656116
1656129
1656264
1668452
1668459
167223
1672231
1672273
1672273
1673541
1674083
1674584
1674918
1696444
1696446
1696449
169645
1696924
1696925
1696925
1698126
184623
20365902
20366306
20366316
20366735
20366826
20367534
20374698
20374831
20375556
20379349
20382336
20390836
2039084
20392751
20393894
20398466
20398467
20410545
20424046
20428166
20429148
20430611
20430678
20441481
20442245
20442252
20442787
20442787
20451178
20452152
20452847
20452886
204539
2046375
20466804
2047504
20475101
20476025
20476049
20476719
20478729
20479636
20483426
20483434
20483578
20487079
20488052
20488052
20488058
20497205
2049947
20503268
2050327
20505543
20507252
20515515
20518632
20521447
20522934
20523391
20523491
20524584
2053222
20532222
20532224
20533294
20534905
20535207
20539764
20539766
20539768
20542693
20543071
20544785
20549855
20555313
20555319
20559841
2056263
20568367
20569151
20578566
20580233
20589122
20589123
20590252
20702095
20703964
20703965
20703965
20710008
20711178
20711957
2071253
20714187
20717564
20725526
2073731
20739751
20740344
2074039
20740393
20744733
20744939
2075035
20751021
20760512
20766774
20772366
20773853
20774242
20774294
20774299
20775173
20777168
20779978
20785252
20785448
20785448
20791222
20791305
20794342
20796744
20806212
20806454
2080751
20810985
20827042
20829503
20835246
20840815
20847116
20854435
20855371
20855514
20864583
20865937
20869391
20884103
20884121
20898038
20904803
20917278
20922305
20922589
20926019
20940495
20940508
20941429
20945984
20953569
20967831
2097111
20972915
20976031
20977111
20981224
20997341
21001672
2100288
21016548
21023285
21034006
21041296
21063612
21094122
21094123
21102535
21102685
21102702
21102706
21107842
21110366
21110366
21110728
21114976
21129681
21170831
21172373
21175833
21175835
21229195
21232945
21233969
21243844
21244695
21259899
21263821
21271982
21278223
21278227
21293367
21296849
21302092
21302471
21302576
21311067
21312238
21337557
21343579
21347087
21351717
21351717
2136465
21376743
21392404
21396128
21399626
21401675
21412848
21416526
21446028
21446333
21448461
21458307
21472978
21482847
21482856
21482856
21489991
21505102
21505893
21505894
21511649
21512541
21520198
21534097
21534385
2154266
21549016
21574984
21580956
21583794
21583806
21587366
21615193
21615194
21619105
21626057
21630898
21636161
21636544
21648708
21649619
21649624
21666546
21707055
21707132
21710522
21751233
21758906
21772668
21793022
21834199
21838161
21838764
21838765
21838766
21854537
21862164
21882621
21882621
21891328
21900691
21911585
21911889
21939948
21969323
21979813
21979816
21979823
21983651
21983655
21986114
21991157
21992993
21997378
2205313
22060506
22070285
22070285
22078082
22078244
22085052
22101753
2216843
22191895
22196494
22219285
22219353
22221048
2223906
22250888
22283632
22318844
22321904
22327063
22336397
22358797
22358797
22392175
22412256
22422785
22430366
22526498
22526507
22526512
22537018
22560373
22562782
22562783
22603162
22617667
22647976
22659301
22674901
22763327
22763337
22766751
22768927
22771624
22794275
22851845
22943669
23000371
23003422
2310554
23126245
23381562
23387865
23478777
23508078
23576707
23752821
23752823
23861998
250369
272905
27291
276097
276098
3090924
3090954
3090964
3090997
3090998
3092052
3092465
3092575
309277
3093073
309323
309323
3094621
3095043
3095195
3095196
3097299
3097999
3150188
3152527
3152722
3173104
317315
3176539
3176539
317654
3176549
317655
3176909
3183757
3192293
3192533
3192573
3192575
3192614
3192819
3192951
3199065
36107
36107
382565
3987121
42310901
490947
6031033
717
8171338
817142
817145
8171668
8171927
817193
8171931
8172031
8189633
8189666
8189666
82266031
82266039
82266404
82266433
82310407
82423778
82446494
82467991
82473342
84035947
84082
85102142
85102142
8510425
85126073
8550977
9125120372
9125129352
925431092
92543911
92549116
92549907
949656
95108
959265
963162
963162
973500047
976055
984405
993079
APV1052
APV1057
APV1067
APV1111
APV1112
APV1116
APV1117
APV1151
APV2384
APV2387
APV2388
APV2400
APV2401
APV2645
APV2663
APV2704
APV2729
APV2732
APV2733
APV2734
APV2739
APV2776
APV2811
APV3064
APV3130
APV3142
APV3144
APV3158
APV3191
APV3235
APV3383
APV3626
APV3707
APV4151
APV4161
APV4162
APV4206
APV4207
APV4208
APV4280
APV4356
